23 1 60.000 96.400
74 1 116.400 266.400
3 1 286.400 356.800
26 1 376.800 506.800
7 1 526.800 646.800
68 1 666.800 695.600
78 1 695.600 775.600
85 1 775.600 855.600
69 1 875.600 1025.600
21 2 240.000 307.200
32 2 307.200 329.600
61 2 349.600 424.400
33 2 444.400 518.000
5 2 518.000 553.200
89 2 573.200 717.200
63 2 737.200 826.800
15 2 846.800 926.800
79 2 946.800 1030.800
30 3 0.000 6.000
35 3 26.000 116.000
100 3 136.000 148.000
60 3 168.000 234.000
91 3 254.000 354.000
86 3 374.000 524.000
92 3 544.000 664.000
54 3 684.000 728.000
18 3 748.000 898.000
24 3 918.000 1018.000
70 4 0.000 18.000
10 4 18.000 72.000
96 4 72.000 90.000
52 4 90.000 180.000
90 4 200.000 330.000
1 4 350.000 385.200
80 4 405.200 478.000
38 4 498.000 603.600
45 4 623.600 652.400
94 4 652.400 735.200
31 4 755.200 885.200
51 4 905.200 1025.200
55 5 0.000 130.000
47 5 150.000 240.000
37 5 240.000 330.000
2 5 350.000 440.000
65 5 440.000 530.000
8 5 550.000 650.000
71 5 670.000 820.000
95 5 840.000 949.200
98 5 969.200 1030.800
19 6 300.000 400.000
87 6 420.000 502.800
81 6 502.800 592.800
34 6 612.800 675.200
40 6 695.200 700.400
83 6 700.400 747.200
11 6 767.200 810.400
22 6 830.400 906.400
76 6 906.400 1006.400
28 7 0.000 43.200
49 7 63.200 88.800
44 7 88.800 130.400
75 7 150.400 268.000
84 7 288.000 308.800
36 7 328.800 448.800
42 7 468.800 608.800
67 7 608.800 636.800
50 7 656.800 736.800
58 7 756.800 843.200
27 7 843.200 933.200
9 7 953.200 1025.200
13 8 60.000 80.800
12 8 100.800 188.800
59 8 208.800 302.400
82 8 322.400 412.400
64 8 412.400 562.400
73 8 582.400 630.400
25 8 650.400 706.400
53 8 726.400 730.000
93 8 730.000 820.000
17 8 820.000 910.000
4 8 930.000 1040.000
66 9 240.000 260.000
14 9 280.000 380.000
99 9 380.000 428.000
43 9 448.000 562.000
16 9 562.000 634.000
29 9 654.000 774.000
57 9 794.000 830.400
88 9 830.400 877.200
39 9 897.200 1037.200
20 10 120.000 128.800
72 10 148.800 258.800
41 10 258.800 302.800
97 10 322.800 380.000
62 10 400.000 500.000
77 10 500.000 600.000
6 10 620.000 740.000
56 10 760.000 870.000
46 10 890.000 899.600
48 10 919.600 1039.600
